{
 "cells": [
  {
   "cell_type": "code",
   "execution_count": 2,
   "metadata": {},
   "outputs": [],
   "source": [
    "import pandas as pd"
   ]
  },
  {
   "cell_type": "markdown",
   "metadata": {},
   "source": [
    "## Soring Data 1 Column"
   ]
  },
  {
   "cell_type": "code",
   "execution_count": 3,
   "metadata": {},
   "outputs": [
    {
     "name": "stdout",
     "output_type": "stream",
     "text": [
      "Sorted Age by Descending \n",
      "     Name  Age  Salary  Performance Score\n",
      "6  Kashif   28   58000                 93\n",
      "5    John   26   55000                 91\n",
      "4    Ahad   25   53000                 92\n",
      "2    Wasi   24   80000                 86\n",
      "1   Hamza   23   70000                 87\n",
      "3   Zakir   22   52000                 80\n",
      "0     Ali   20   50000                 85\n",
      "Sorted Age by Ascending \n",
      "     Name  Age  Salary  Performance Score\n",
      "0     Ali   20   50000                 85\n",
      "3   Zakir   22   52000                 80\n",
      "1   Hamza   23   70000                 87\n",
      "2    Wasi   24   80000                 86\n",
      "4    Ahad   25   53000                 92\n",
      "5    John   26   55000                 91\n",
      "6  Kashif   28   58000                 93\n"
     ]
    }
   ],
   "source": [
    "# df.sort_values(by=\"column Name\",True/False,inplace = True)\n",
    "\n",
    "data = {\n",
    "    \"Name\" : ['Ali','Hamza','Wasi','Zakir','Ahad','John','Kashif'],\n",
    "    \"Age\" : [20,23,24,22,25,26,28],\n",
    "    \"Salary\" :[50000,70000,80000,52000,53000,55000,58000,],\n",
    "    \"Performance Score\" : [85,87,86,80,92,91,93]\n",
    "}\n",
    "\n",
    "df = pd.DataFrame(data)\n",
    "\n",
    "df.sort_values(by=\"Age\",ascending=False,inplace=True)\n",
    "print(\"Sorted Age by Descending \")\n",
    "print(df)\n",
    "\n",
    "df.sort_values(by=\"Age\",ascending=True,inplace=True)\n",
    "print(\"Sorted Age by Ascending \")\n",
    "print(df)\n"
   ]
  },
  {
   "cell_type": "markdown",
   "metadata": {},
   "source": [
    "## Sorting multiple columns"
   ]
  },
  {
   "cell_type": "code",
   "execution_count": 4,
   "metadata": {},
   "outputs": [
    {
     "name": "stdout",
     "output_type": "stream",
     "text": [
      "Sorted Age and Salary by Descending \n",
      "     Name  Age  Salary  Performance Score\n",
      "0     Ali   20   50000                 85\n",
      "3   Zakir   22   52000                 80\n",
      "1   Hamza   23   70000                 87\n",
      "2    Wasi   24   80000                 86\n",
      "4    Ahad   25   53000                 92\n",
      "5    John   26   55000                 91\n",
      "6  Kashif   28   58000                 93\n"
     ]
    }
   ],
   "source": [
    "df.sort_values(by=['Age','Salary'],ascending=[True,False],inplace=True)\n",
    "print(\"Sorted Age and Salary by Descending \")\n",
    "print(df)"
   ]
  }
 ],
 "metadata": {
  "kernelspec": {
   "display_name": "venv",
   "language": "python",
   "name": "python3"
  },
  "language_info": {
   "codemirror_mode": {
    "name": "ipython",
    "version": 3
   },
   "file_extension": ".py",
   "mimetype": "text/x-python",
   "name": "python",
   "nbconvert_exporter": "python",
   "pygments_lexer": "ipython3",
   "version": "3.13.7"
  }
 },
 "nbformat": 4,
 "nbformat_minor": 2
}
